wr=3546;
nProviders=70;

cost_worker=[ 4301 3198 3162 4958 3124 4430 5190 3787 3715 5608 3732 3381 3584 3360 4603 5389 4601 4639 4358 3562 4831 3920 5894 5901 4379 5207 5454 3292 4853 4652 4340 5737 3114 4106 5128 5545 3897 5679 5310 3170 3722 5570 3310 3412 3129 3798 3715 4289 4664 3794 4427 3116 5894 3485 4631 3080 5438 4224 5601 4557 5218 5756 5001 3488 4913 3847 4537 5343 3762 3868 ];
available_workers=[ 92 98 97 84 91 92 88 92 99 87 93 88 85 91 88 84 91 99 85 96 94 96 81 82 90 86 92 84 99 91 96 83 98 97 91 91 90 82 82 80 83 83 88 87 91 88 92 94 81 83 87 83 97 93 82 84 96 99 97 82 91 90 90 84 85 91 94 96 85 89 ];
cost_contract=[ 825 874 819 979 852 859 944 845 976 942 891 823 800 864 969 957 863 920 999 985 820 963 976 839 995 956 868 954 879 861 891 946 874 891 868 828 981 874 860 833 902 942 945 873 926 867 946 843 998 800 816 886 821 946 985 949 998 903 950 933 807 834 909 926 939 845 910 953 885 828 ];
country=[ 21 29 35 31 34 24 25 30 40 27 22 20 35 36 29 26 30 38 29 23 32 26 39 33 40 25 34 24 33 32 36 29 26 30 34 23 38 20 23 34 23 40 36 40 38 34 36 25 39 31 28 31 38 39 35 31 31 24 39 26 21 26 39 31 38 32 28 33 23 32 ];
cost_1=5;
cost_2=7;
cost_3=10;
