wr=10790;
nProviders=90;

cost_worker=[ 12192 16026 19475 18510 15629 13482 15101 18148 18395 12468 19619 13023 16320 16847 19081 14540 17722 12326 14197 13412 15100 17196 10081 14968 12041 15888 19484 12039 18873 15344 15732 14713 12169 12726 15907 10773 17568 11634 10176 10101 10983 15117 16895 14601 11578 10395 10164 14705 10614 11715 15771 19198 10587 12263 17756 15944 10068 19765 10369 15657 13935 12495 13071 16592 17741 10747 15276 17292 15396 19004 12451 10493 17433 17948 13460 16283 15772 13767 18815 15701 13009 19077 18926 19933 17402 15436 18746 10263 10004 19316 ];
available_workers=[ 181 185 154 159 190 157 164 165 182 200 163 158 192 150 196 167 165 185 182 197 199 174 187 172 186 164 194 171 179 184 157 170 154 154 171 178 192 155 163 163 186 158 182 169 190 153 155 183 150 160 163 185 191 187 192 165 193 170 194 174 163 167 180 170 164 161 155 197 168 163 154 198 170 177 173 178 189 158 186 159 157 189 193 150 191 176 172 180 179 185 ];
cost_contract=[ 307 1464 2472 253 833 2470 235 1269 768 583 1606 2600 2909 1500 1010 1188 1080 2734 547 1664 1020 326 1543 1820 235 2701 552 2897 412 1253 2491 1998 2959 2786 534 1273 1863 245 405 1217 2823 418 1826 2485 2005 211 2564 1413 2847 2062 1709 1101 2991 2900 1565 792 760 1866 302 2116 236 695 2105 547 1838 913 1058 342 2705 1346 2002 2729 2948 955 2226 1181 2892 1287 211 872 2179 1054 1750 2880 1010 1715 2090 1476 1100 1808 ];
country=[ 37 43 27 41 39 36 36 42 50 24 36 47 39 29 31 46 50 26 28 24 34 47 37 36 26 23 22 42 44 44 26 47 27 28 36 37 47 50 37 28 49 45 31 35 38 49 40 24 35 39 29 21 43 50 29 25 50 47 37 31 23 48 33 50 45 30 48 40 49 40 23 41 47 43 24 42 37 40 43 25 30 28 28 26 33 43 39 20 28 45 ];
cost_1=5;
cost_2=7;
cost_3=10;
