
wr=233;
nProviders=400;

cost_worker=[ 125 121 131 98 125 127 133 133 147 95 101 106 135 109 133 132 116 118 134 124 138 129 135 127 125 135 116 147 116 113 119 143 100 128 128 141 134 93 142 95 120 111 107 122 97 127 131 135 135 104 127 130 113 107 120 145 118 146 110 99 101 92 101 137 90 148 112 125 149 133 117 122 125 135 104 148 141 91 132 150 118 123 110 104 140 131 150 100 140 122 140 144 123 150 150 108 108 103 149 128 139 116 106 96 131 132 117 149 91 105 112 92 92 124 108 147 106 145 105 108 100 104 134 107 105 137 147 120 127 92 132 136 140 124 95 108 91 145 114 148 125 109 120 141 112 92 110 143 97 144 130 143 123 107 139 96 92 99 107 143 132 139 98 97 96 101 136 93 105 91 128 134 128 116 133 139 120 105 91 111 121 132 133 99 122 128 98 131 99 144 115 139 108 116 110 96 134 109 113 103 92 110 106 113 105 148 115 148 104 130 141 110 121 95 106 134 107 122 91 118 149 149 101 118 116 92 90 125 111 98 140 99 143 112 137 104 108 142 119 90 112 118 125 108 140 92 133 108 119 137 134 123 107 149 95 93 102 139 128 124 96 150 135 129 110 142 100 128 108 90 119 114 107 125 90 120 133 130 111 104 106 101 116 133 131 100 91 103 119 106 119 95 94 90 136 119 129 133 110 146 106 100 123 92 110 107 100 108 94 148 127 91 142 117 146 123 137 91 92 121 92 133 102 131 117 126 97 94 90 118 112 136 102 102 124 148 109 107 129 107 135 112 135 148 101 149 105 147 138 146 118 150 142 93 103 136 118 109 97 135 107 131 146 130 117 110 124 124 98 111 115 100 128 141 103 115 102 145 94 149 104 94 101 92 141 122 140 144 104 135 146 123 122 94 97 128 93 114 90 120 ];
available_workers=[ 11 4 3 6 10 11 2 1 7 13 10 10 13 4 10 10 12 11 13 9 10 3 8 4 7 11 9 5 12 5 15 4 14 2 5 9 8 9 2 7 15 9 8 4 15 4 2 14 12 10 4 13 12 12 6 5 9 2 13 1 14 1 8 15 12 14 4 9 14 10 10 4 14 13 7 1 11 11 11 8 1 12 14 5 13 4 4 13 3 8 11 6 7 14 1 13 8 8 10 12 13 13 3 15 7 2 1 13 7 12 2 12 8 7 12 14 1 7 11 5 4 13 12 7 8 13 10 2 3 14 9 13 6 11 15 12 12 14 3 5 3 13 11 1 3 9 5 8 5 9 8 8 9 2 9 5 13 3 13 14 8 15 14 11 15 13 2 14 15 2 7 6 8 1 5 7 6 5 12 6 11 6 2 8 11 5 15 8 7 15 7 9 8 5 14 1 11 11 8 5 5 12 15 1 2 12 2 4 14 11 6 6 6 4 3 14 12 12 11 5 9 7 2 6 2 14 11 2 5 7 1 12 12 14 15 3 9 5 4 11 6 5 4 12 5 6 1 13 3 1 6 10 5 7 7 12 15 5 5 4 10 10 15 3 1 2 2 6 8 2 6 2 6 5 13 5 2 3 13 5 2 10 3 7 3 9 6 5 10 11 13 6 14 1 4 1 10 3 13 14 7 7 12 13 6 4 5 2 14 9 4 2 7 9 8 12 14 7 6 5 11 8 4 14 7 14 10 13 1 5 14 4 12 5 1 15 3 13 14 14 1 14 7 8 11 14 11 12 13 5 4 13 8 14 4 13 15 15 11 10 15 12 12 10 13 13 8 12 2 12 3 1 10 5 7 1 4 3 14 8 11 1 15 4 13 7 10 3 4 9 2 6 7 6 2 7 4 7 8 12 ];
cost_contract=[ 2362 2086 2045 1043 1956 1174 1831 1433 987 2337 1121 2435 1820 888 1425 1451 2323 2331 1293 1122 1568 1948 1419 1501 1033 1408 2397 2220 2301 1741 1896 2085 1190 2367 2480 1625 2073 2008 1781 1576 2238 1669 1567 2273 2327 1920 2327 2014 2028 2301 2377 2017 1184 897 1259 1899 1917 1975 2467 1612 1259 1894 970 1739 2109 2006 1382 1172 1244 1123 879 1844 2460 1556 2060 920 1351 941 1121 1450 1389 1166 1507 1911 2242 2039 1832 1827 1726 2012 1240 1412 1295 2387 1548 1814 1479 2395 1030 2463 1416 1006 909 2280 1930 1752 1774 1331 1588 1643 2203 2488 1790 2355 1787 1292 1029 1381 2451 2152 1926 2355 1357 1103 2406 2241 1200 1839 2104 1082 2447 2038 1213 2285 1686 2220 1115 1637 1501 1459 1361 1163 1958 1593 1970 1459 2447 2075 1135 1280 887 2356 1343 1774 1405 1262 1106 971 1900 1056 1315 950 1054 1757 1146 2241 2042 2459 877 1640 1727 1461 1064 1657 998 1441 957 1470 1619 1416 958 2194 1092 1377 973 1138 2441 935 1845 1997 1391 1114 1757 1229 1866 2016 1556 1158 1194 1521 1711 2401 1678 1047 1952 1632 2237 2339 1739 1337 1582 909 1643 2277 1215 1747 1115 1934 2186 1498 1424 2408 1987 2412 1979 1597 1580 1008 1940 1225 1045 2168 1874 2402 901 2482 888 1854 2157 1367 1669 1293 2381 1914 1230 1937 1479 1861 1763 2265 1607 1241 1234 2071 934 1193 2002 894 1204 1461 1125 2192 1911 2017 975 1104 1408 1486 971 1720 1988 1445 2466 2305 2204 1769 1765 925 1291 1210 1767 2246 1930 1577 1683 934 1096 2292 1716 1364 1116 1112 2406 1320 1671 1279 1237 1111 2435 1125 1140 967 1037 2192 2014 1919 1156 1904 2020 1547 1641 1199 2353 1488 1484 1251 1580 1316 1711 1269 1234 1748 1675 1035 1873 1776 1987 1646 1572 2163 1608 2401 1881 2011 2469 2408 2047 1648 2195 2122 1315 949 2100 1553 1265 1234 2258 2253 2347 1519 1746 2238 2178 1956 1470 868 2134 1802 1251 1507 1038 2097 1197 1215 952 1876 1179 1635 2093 1097 1474 2233 1616 1474 1143 1517 1821 2049 1892 1839 1607 1638 1626 941 887 1126 2260 1247 1954 2236 1838 2030 2205 1188 1613 2439 1170 1436 2215 2480 ];
country=[ 3 5 2 5 2 3 1 4 1 4 3 1 3 4 5 4 1 3 3 4 3 4 2 1 2 5 2 2 2 4 1 1 5 4 3 1 1 1 1 3 1 5 2 3 1 1 5 4 1 5 1 4 4 1 5 4 1 3 5 1 5 4 1 4 2 1 3 1 4 3 3 1 2 2 5 3 3 5 1 3 2 1 2 1 4 4 1 1 3 5 4 1 5 3 1 4 4 5 4 4 1 4 1 3 4 1 4 5 3 5 1 3 4 3 4 3 2 5 3 2 1 3 4 2 1 5 5 1 1 5 4 3 2 2 1 3 5 4 3 5 2 4 4 4 3 1 2 1 4 2 1 4 1 4 4 3 5 1 5 4 5 3 2 1 1 2 4 5 4 4 3 5 4 5 4 1 3 5 5 4 5 4 1 1 4 5 3 5 3 1 5 5 3 4 2 5 3 3 5 3 3 2 3 1 3 5 5 5 4 5 5 4 5 1 2 5 2 5 2 5 2 1 1 2 4 2 2 3 2 3 5 3 1 3 4 1 5 5 3 2 1 5 3 1 3 2 2 1 4 2 2 2 2 3 3 1 5 2 1 2 2 5 3 3 1 5 1 4 2 5 4 2 1 3 2 2 1 2 2 5 2 1 1 3 3 5 4 1 4 5 2 1 5 1 1 4 1 4 2 1 1 4 5 3 5 2 5 3 1 1 3 3 3 1 4 2 5 1 5 5 3 1 5 2 1 2 5 1 5 2 2 1 1 2 1 2 1 3 2 4 1 2 3 4 4 3 4 4 3 4 3 2 2 4 3 1 5 2 5 2 1 2 5 2 2 3 1 4 4 2 5 1 5 1 3 1 3 4 3 2 5 3 5 3 4 5 1 5 5 2 2 5 1 1 1 1 5 4 3 4 ];
cost_1=5;
cost_2=7;
cost_3=15;