wr=272;
nProviders=435;

cost_worker=[ 309 262 317 203 225 318 298 299 307 235 205 313 319 218 294 330 327 314 226 254 307 239 291 279 273 256 311 276 283 319 209 338 264 248 301 272 257 242 215 279 221 323 345 205 204 335 307 279 326 348 204 300 303 258 258 259 325 325 308 277 268 343 337 262 306 228 311 259 280 348 230 319 271 252 206 308 248 218 219 313 340 278 219 296 261 253 305 201 308 292 240 327 330 297 225 272 244 205 212 200 215 221 220 284 341 222 310 316 202 249 200 236 224 319 321 310 262 277 202 344 277 303 292 332 274 301 301 326 350 267 230 308 344 248 292 276 242 336 284 286 259 246 245 299 306 312 317 284 226 256 270 328 260 277 336 327 219 224 263 267 254 225 305 259 295 258 294 268 329 204 301 244 279 316 225 289 285 279 234 310 298 289 306 289 203 267 318 300 244 304 349 311 237 281 209 213 257 255 270 246 328 259 227 281 259 277 267 319 299 258 296 226 281 325 200 275 321 317 245 216 350 273 245 252 255 333 338 216 270 281 304 302 311 338 285 309 305 255 321 245 275 332 213 228 335 319 257 204 215 231 251 339 247 264 248 342 348 212 207 312 291 325 292 307 271 328 225 292 332 346 329 250 301 241 290 342 282 331 285 286 253 261 340 258 296 208 303 254 268 335 294 301 240 317 266 267 325 219 291 225 211 281 213 267 344 246 293 252 296 331 245 221 201 214 214 230 323 221 301 340 245 344 212 278 234 349 279 337 203 291 313 203 254 234 330 210 258 280 281 226 298 205 207 221 227 245 295 291 227 221 326 260 287 239 279 269 329 336 280 292 289 246 229 253 332 219 330 226 325 305 211 278 221 334 265 266 219 279 270 265 206 347 293 234 266 280 213 223 270 242 327 213 236 247 286 266 271 334 248 303 210 242 231 247 287 335 202 303 298 293 264 232 312 234 280 313 241 243 232 306 236 332 201 262 296 219 303 236 350 229 216 214 255 294 272 ];
available_workers=[ 15 8 1 4 10 1 13 14 11 13 5 9 1 15 9 1 4 14 12 15 6 13 1 9 14 10 9 5 7 15 15 11 4 1 2 2 2 13 9 12 12 4 14 4 13 9 5 9 4 9 4 7 5 9 5 1 1 8 2 14 9 6 12 7 10 3 5 5 7 3 2 11 15 14 12 3 12 7 12 14 13 11 13 12 11 4 11 5 9 2 9 12 15 12 15 8 11 7 10 11 6 8 5 11 1 5 10 10 6 10 6 4 8 9 9 2 7 7 14 9 9 1 14 11 13 7 2 6 2 8 7 7 11 12 9 13 8 8 9 11 8 6 11 7 7 9 9 11 15 11 14 6 3 4 6 13 11 7 15 2 13 5 12 4 12 10 10 3 6 1 8 10 8 14 3 11 2 1 6 6 3 7 9 8 3 10 5 1 2 4 8 11 3 8 2 9 8 12 12 7 9 12 9 1 2 13 1 12 15 10 10 13 8 7 14 6 15 11 15 14 11 9 12 14 6 7 8 15 14 12 10 12 7 10 12 4 8 7 10 10 6 14 14 12 1 10 1 13 9 10 5 3 5 11 7 6 2 7 13 14 6 8 5 15 1 3 2 12 11 9 5 1 6 9 10 6 14 5 3 4 12 4 11 5 9 9 3 11 7 4 3 15 9 7 7 7 14 4 14 15 3 1 5 3 6 14 5 12 12 14 6 5 10 8 5 13 4 4 13 9 9 9 6 15 1 8 15 4 12 8 6 10 14 10 2 7 2 6 14 14 15 2 9 3 10 5 2 9 14 5 15 4 5 12 8 8 9 15 12 3 12 11 10 15 12 13 9 15 10 4 1 11 10 13 4 2 9 12 14 5 8 2 3 6 7 7 8 6 9 15 12 7 11 10 4 5 11 3 8 1 8 14 14 10 10 8 10 6 4 6 9 12 14 1 8 13 8 4 1 3 8 7 3 13 8 7 11 8 7 3 4 4 10 9 8 ];
cost_contract=[ 1498 1186 915 1400 1600 1036 1031 1196 1007 1104 899 1358 1202 1831 1941 2304 2245 2340 2380 1100 1151 896 2120 1697 1537 1632 1732 2239 2013 1306 1637 1507 1096 1857 1249 2420 2223 1688 1461 1724 1412 1039 2244 2343 1351 1141 1997 1857 2174 1025 2315 1667 956 2496 2056 1113 949 1280 2105 1103 1224 1953 2081 1526 1127 2271 2390 2230 2124 1059 1155 2043 2300 936 940 1601 1514 1816 882 2470 1219 1233 2282 2176 914 2039 2065 2398 1181 1574 1298 1624 2267 1365 981 1595 1705 1590 2398 1563 1955 1980 1615 1429 1254 1191 956 1325 1608 1712 2297 2161 2121 1950 891 1656 1094 1656 1428 1607 1425 1689 2209 1352 1316 2270 1964 2142 1571 1211 976 1789 860 1003 2296 1581 1932 2190 869 1956 1502 1222 1028 1543 1877 1342 1315 2022 978 1246 1815 1352 1800 1683 1944 1177 1914 1386 855 1974 1706 1115 1452 2235 2223 1189 1273 1987 1738 2327 1716 894 1607 1856 1786 1386 1646 2480 1916 1398 2007 2228 1944 1080 2475 2106 1629 2293 1431 2377 1500 2120 2124 2301 1609 2222 1983 1634 1579 1263 2168 1717 1463 1753 1598 1635 1925 1374 1947 1496 1113 1785 1908 1743 1877 1873 1023 1691 1757 1429 1399 963 1632 2206 1484 1979 1475 2322 2383 2086 1688 1506 2066 1247 1479 1082 1529 2003 2202 2194 1334 980 1266 1583 1101 1569 1439 1018 1332 1745 1376 1684 1242 2285 2273 1693 882 1878 2366 975 1556 932 1835 1238 1123 1358 1332 1534 1632 2270 1418 1419 1686 2393 1192 1789 1400 2295 1128 2220 1097 1080 1974 2411 1149 2039 2399 1467 1898 1252 2089 1109 2327 1107 1749 1597 958 1259 1376 2201 1540 1192 1318 1724 1467 1058 1512 1960 2400 1731 1874 1804 956 1505 1440 940 1769 2310 1558 2317 1777 1956 874 1187 1630 2033 1933 1999 1463 2272 1807 1340 1105 1266 2472 1770 2007 2441 1648 2120 1489 2051 1675 2265 1468 2073 1758 2230 1547 1828 1020 1595 2435 2493 1548 1026 1393 1616 1059 1478 2006 1935 2158 1323 1766 929 1828 2493 2451 1319 2006 2446 1508 1960 1447 2095 1866 1760 1788 1750 1238 2135 1727 2248 1151 1326 2021 2430 2020 1992 1408 2046 1218 1424 2082 2070 1059 910 1472 2143 2131 1854 1641 1817 1472 1375 1111 1217 1960 1589 1645 1274 863 886 987 1791 902 1807 2441 1836 1589 1816 850 1596 2253 1998 935 1239 1698 901 2050 2479 2109 2459 871 ];
country=[ 1 5 4 4 1 1 4 1 3 5 2 4 4 3 1 2 2 4 2 1 3 5 1 3 5 4 4 3 2 4 3 3 5 3 1 3 5 5 4 2 5 4 2 1 4 4 4 5 5 3 2 5 2 2 1 5 5 5 2 2 3 5 5 5 3 2 1 1 3 5 5 3 2 4 1 3 4 3 5 4 3 1 5 4 1 1 1 4 4 5 1 5 4 4 2 2 4 1 3 5 3 5 4 2 5 1 5 5 1 4 1 4 1 5 2 1 1 1 2 3 1 5 3 2 1 5 1 2 5 3 4 2 5 2 1 2 2 2 4 5 2 4 4 2 5 2 1 5 5 4 3 3 4 2 1 1 3 1 4 3 5 5 1 4 2 3 3 1 4 4 3 4 1 2 3 2 2 5 5 4 4 4 5 2 2 2 4 3 2 2 1 1 2 2 2 4 4 5 5 5 1 3 3 3 2 2 3 1 5 2 1 5 1 3 3 2 1 4 1 1 4 1 1 2 1 1 3 4 5 2 2 4 4 1 5 1 5 4 3 2 2 3 2 2 3 1 3 2 4 4 2 2 3 3 2 5 5 4 4 4 3 4 4 2 3 3 3 5 1 5 2 2 2 5 1 3 4 2 5 5 2 5 2 3 3 1 2 5 4 3 2 1 2 4 4 4 3 5 5 4 5 5 4 2 4 4 5 5 1 2 3 4 5 3 3 4 3 1 4 3 1 1 1 2 2 5 5 3 5 3 5 3 4 1 3 5 3 4 3 1 3 5 3 4 5 5 3 2 5 1 1 3 4 5 1 1 4 4 2 4 5 3 1 4 4 1 1 5 1 5 2 1 3 3 5 5 2 2 2 3 1 2 3 2 1 3 3 3 2 4 5 5 2 5 1 2 2 1 5 3 2 2 1 4 2 5 3 5 2 4 4 3 1 2 1 2 5 2 3 2 1 3 2 1 4 3 5 2 3 5 5 2 5 1 3 ];
cost_1=5;
cost_2=7;
cost_3=15;
