wr=13276;
nProviders=100;

cost_worker=[ 12837 11876 10333 12263 13789 10079 10099 11330 14956 11753 12093 10672 14754 14012 14563 12605 11162 13533 12043 12294 10533 13779 14328 13480 12262 13807 10456 11204 13675 10178 12025 14822 11669 12371 12908 10969 12751 11889 10700 11996 13930 14404 10184 10548 14803 10104 14110 12710 13938 10909 10810 11439 11718 10232 10748 11499 11324 12534 11522 11141 12208 12294 10223 14321 12593 13025 13056 10918 13642 11176 13858 12619 11001 14772 12603 14264 10794 13416 14332 11609 14376 10821 12092 14965 13193 10327 14751 14851 12388 12149 13000 14753 13370 13643 11340 10540 10969 14597 13349 11759 ];
available_workers=[ 159 191 167 211 189 165 209 181 227 183 204 194 159 229 178 207 186 239 243 189 150 240 160 186 233 203 207 169 227 231 159 249 245 194 200 174 189 210 164 227 238 184 167 214 163 191 164 173 170 173 225 155 197 188 174 168 196 217 209 167 226 203 184 242 248 185 178 163 156 155 225 198 225 204 219 217 220 185 188 220 234 197 154 232 158 221 237 244 234 247 239 234 189 238 196 213 153 161 161 234 ];
cost_contract=[ 213 274 226 238 258 251 210 266 261 217 267 300 259 221 206 220 218 200 220 293 214 266 210 227 261 256 229 215 206 278 262 243 212 257 213 238 215 283 249 232 223 268 212 245 226 283 235 237 257 283 230 245 230 269 274 292 216 263 281 229 235 252 247 231 229 272 253 236 208 284 208 290 294 201 228 239 226 208 255 259 240 240 281 216 221 291 240 209 262 222 212 269 275 249 223 283 274 284 288 244 ];
country=[ 35 32 49 47 41 24 49 22 50 40 32 33 33 45 24 35 46 29 41 33 21 43 48 22 31 47 22 23 37 43 38 36 34 47 45 46 36 26 25 43 29 37 30 50 42 44 23 23 30 46 28 27 24 30 39 40 32 23 23 21 24 34 49 34 22 35 48 46 46 46 47 36 22 35 49 20 37 43 30 38 27 35 33 37 42 31 33 38 20 34 24 48 49 50 31 36 45 36 29 27 ];
cost_1=5;
cost_2=7;
cost_3=10;
