wr=1183;
nProviders=60;

cost_worker=[ 1184 1076 1409 1802 1356 1832 1179 1392 1140 1794 1718 1341 1956 1801 1844 1584 1724 1405 1435 1141 1888 1869 1027 1966 1497 1149 1790 1012 1712 1815 1637 1231 1122 1309 1004 1937 1081 1119 1105 1119 1331 1615 1335 1399 1576 1173 1560 1699 1565 1049 1496 1850 1921 1121 1263 1659 1839 1203 1996 1919 ];
available_workers=[ 50 44 58 41 58 30 42 31 59 26 49 29 50 43 49 30 38 25 48 57 37 60 33 26 33 47 30 53 35 58 49 57 33 26 33 38 37 60 47 36 42 58 60 45 26 50 60 59 30 52 40 37 29 47 52 34 29 26 25 50 ];
cost_contract=[ 2302 2474 1462 976 2512 2075 2635 2163 1446 1306 1488 852 1665 2965 2709 1477 2628 1179 1090 1600 2281 805 1054 1509 1642 1968 1420 1403 1320 2114 1129 899 1851 2873 915 1067 2324 2940 2844 2395 2401 1186 1946 1786 2110 2480 2803 1341 2339 2458 2764 1616 2190 1804 2958 1349 1657 2420 1298 1757 ];
country=[ 13 15 20 15 10 10 10 15 11 16 15 18 16 20 18 13 12 16 17 14 14 19 19 11 11 17 13 13 12 19 11 16 10 16 18 15 14 10 13 18 20 11 13 12 14 17 19 13 10 11 10 18 17 13 12 16 17 18 11 17 ];
cost_1=5;
cost_2=7;
cost_3=300;
