wr=1147;
nProviders=50;

cost_worker=[ 1425 1115 1240 1427 1388 1133 1461 1388 1063 1125 1075 1247 1333 1060 1149 1176 1238 1352 1459 1261 1232 1091 1407 1106 1320 1264 1233 1412 1043 1232 1135 1048 1470 1105 1053 1255 1466 1380 1131 1266 1174 1286 1084 1287 1346 1078 1387 1375 1137 1266 ];
available_workers=[ 44 50 60 33 41 51 55 50 56 37 35 26 32 29 29 35 33 37 36 29 47 31 46 42 25 29 50 59 31 33 55 52 37 60 42 59 32 44 56 56 36 57 35 46 51 46 43 47 33 54 ];
cost_contract=[ 2045 2814 805 2677 2280 2078 1002 2664 2826 1051 2428 2631 2993 2238 1119 2404 1014 2953 851 2420 2751 985 1137 941 1540 1959 896 2022 2824 2943 1949 2627 2675 1920 2553 1032 1733 1220 1448 1563 848 1118 945 1920 1800 1800 1528 2821 2542 2132 ];
country=[ 14 8 10 9 14 8 5 5 9 7 8 5 13 14 10 10 13 14 7 11 7 5 12 10 7 13 6 6 13 6 10 6 7 9 8 7 8 11 14 11 7 11 13 5 15 7 15 11 15 14 ];
cost_1=5;
cost_2=7;
cost_3=300;
