wr=5348;
nProviders=80;

cost_worker=[ 6970 5168 7925 7750 5969 6685 5650 6016 7834 5416 5070 7494 5222 7071 6411 7544 7566 7417 6514 5648 6936 5204 6742 6754 5529 5082 7458 6853 6590 6576 5116 6385 6682 5755 7895 7113 6366 7719 5799 5553 7248 5519 6147 5926 7303 7239 5496 6086 6290 6582 5075 7593 5464 5326 6142 7426 5058 6863 7893 5754 6303 7926 6127 6639 5663 5015 5191 5074 5189 7616 7344 6538 6196 7432 5707 6014 6966 6755 6468 7177 ];
available_workers=[ 92 93 89 82 87 88 87 80 100 90 81 88 82 89 84 90 94 97 96 80 92 96 93 89 91 97 97 92 90 84 95 88 100 83 92 96 83 83 96 81 91 94 81 87 92 85 98 85 98 90 86 86 89 91 96 93 96 81 88 96 85 92 90 81 99 94 98 94 86 83 84 80 89 95 80 90 85 100 95 86 ];
cost_contract=[ 2823 2306 1012 874 1979 1880 2444 2958 1460 2632 461 2364 1595 1016 1371 2217 1813 921 1768 2850 1346 1188 1416 1078 1361 1653 1470 541 648 2462 964 2138 740 1906 1622 1277 1225 2654 2074 467 2000 1076 2545 2286 1749 2743 1478 2703 691 1888 859 354 880 2865 857 2579 1850 1786 581 321 2838 317 2929 1782 956 2762 239 2900 1695 2992 2729 2452 2409 377 1431 350 1069 556 729 385 ];
country=[ 49 36 40 42 50 28 33 43 29 37 26 44 27 27 47 46 41 49 32 33 28 21 25 27 30 28 42 29 28 42 46 26 40 23 47 21 32 46 43 50 46 45 25 43 39 46 27 46 27 41 42 30 20 44 28 29 42 30 49 33 49 21 37 24 22 41 35 20 31 40 36 25 20 31 25 21 40 34 28 47 ];
cost_1=5;
cost_2=7;
cost_3=10;
